
0
1
0
10
00
01
010
0100
0110
0010
01100
00100
00110
001100
0011000
0011100
0001100
00111000
00011000
00011100
000111000
0001110000
0001111000
0000111000
00011110000
00001110000
00001111000
000011110000
0000111100000
0000111110000
0000011110000
00001111100000
00000111100000
00000111110000
000001111100000
0000011111000000
0000011111100000
0000001111100000
00000111111000000
00000011111000000
00000011111100000
000000111111000000
0000001111110000000
0000001111111000000
0000000111111000000
00000011111110000000
00000001111110000000
00000001111111000000
000000011111110000000
0000000111111100000000
0000000111111110000000
0000000011111110000000
00000001111111100000000
00000000111111100000000
00000000111111110000000
000000001111111100000000
0000000011111111000000000
0000000011111111100000000
0000000001111111100000000
00000000111111111000000000
00000000011111111000000000
00000000011111111100000000
000000000111111111000000000
0000000001111111110000000000
0000000001111111111000000000
0000000000111111111000000000
00000000011111111110000000000
00000000001111111110000000000
00000000001111111111000000000
000000000011111111110000000000
0000000000111111111100000000000
0000000000111111111110000000000
0000000000011111111110000000000
00000000001111111111100000000000
00000000000111111111100000000000
00000000000111111111110000000000
000000000001111111111100000000000
0000000000011111111111000000000000
0000000000011111111111100000000000
0000000000001111111111100000000000
00000000000111111111111000000000000
00000000000011111111111000000000000
00000000000011111111111100000000000
000000000000111111111111000000000000
0000000000001111111111110000000000000
0000000000001111111111111000000000000
0000000000000111111111111000000000000
00000000000011111111111110000000000000
00000000000001111111111110000000000000
00000000000001111111111111000000000000
000000000000011111111111110000000000000
0000000000000111111111111100000000000000
0000000000000111111111111110000000000000
0000000000000011111111111110000000000000
00000000000001111111111111100000000000000
00000000000000111111111111100000000000000
00000000000000111111111111110000000000000
000000000000001111111111111100000000000000
0000000000000011111111111111000000000000000
0000000000000011111111111111100000000000000
0000000000000001111111111111100000000000000
00000000000000111111111111111000000000000000
00000000000000011111111111111000000000000000
00000000000000011111111111111100000000000000
000000000000000111111111111111000000000000000
0000000000000001111111111111110000000000000000
0000000000000001111111111111111000000000000000
0000000000000000111111111111111000000000000000
00000000000000011111111111111110000000000000000
00000000000000001111111111111110000000000000000
00000000000000001111111111111111000000000000000
000000000000000011111111111111110000000000000000
0000000000000000111111111111111100000000000000000
0000000000000000111111111111111110000000000000000
0000000000000000011111111111111110000000000000000
00000000000000001111111111111111100000000000000000
00000000000000000111111111111111100000000000000000
00000000000000000111111111111111110000000000000000
000000000000000001111111111111111100000000000000000
0000000000000000011111111111111111000000000000000000
0000000000000000011111111111111111100000000000000000
0000000000000000001111111111111111100000000000000000
00000000000000000111111111111111111000000000000000000
00000000000000000011111111111111111000000000000000000
00000000000000000011111111111111111100000000000000000
000000000000000000111111111111111111000000000000000000
0000000000000000001111111111111111110000000000000000000
0000000000000000001111111111111111111000000000000000000
0000000000000000000111111111111111111000000000000000000
00000000000000000011111111111111111110000000000000000000
00000000000000000001111111111111111110000000000000000000
00000000000000000001111111111111111111000000000000000000
000000000000000000011111111111111111110000000000000000000
0000000000000000000111111111111111111100000000000000000000
0000000000000000000111111111111111111110000000000000000000
0000000000000000000011111111111111111110000000000000000000
00000000000000000001111111111111111111100000000000000000000
00000000000000000000111111111111111111100000000000000000000
00000000000000000000111111111111111111110000000000000000000