p cnf 82 211
-2 -3 0
-2 -4 0
-2 -5 0
-5 -6 0
-7 2 0
-7 3 0
7 -2 -3 0
8 2 0
-8 -2 0
9 3 0
-9 -3 0
-10 8 0
-10 3 0
10 -8 -3 0
-11 2 0
-11 9 0
11 -2 -9 0
-12 10 11 0
12 -10 0
12 -11 0
-13 1 0
-13 1 0
13 -1 -1 0
14 1 0
-14 -1 0
15 1 0
-15 -1 0
-16 14 0
-16 1 0
16 -14 -1 0
-17 1 0
-17 15 0
17 -1 -15 0
-18 16 17 0
18 -16 0
18 -17 0
-19 18 0
-19 7 0
19 -18 -7 0
20 18 0
-20 -18 0
21 7 0
-21 -7 0
-22 20 0
-22 7 0
22 -20 -7 0
-23 18 0
-23 21 0
23 -18 -21 0
-24 22 23 0
24 -22 0
24 -23 0
-25 13 19 0
25 -13 0
25 -19 0
-26 12 0
-26 4 0
26 -12 -4 0
27 12 0
-27 -12 0
28 4 0
-28 -4 0
-29 27 0
-29 4 0
29 -27 -4 0
-30 12 0
-30 28 0
30 -12 -28 0
-31 29 30 0
31 -29 0
31 -30 0
-32 24 0
-32 1 0
32 -24 -1 0
33 24 0
-33 -24 0
34 1 0
-34 -1 0
-35 33 0
-35 1 0
35 -33 -1 0
-36 24 0
-36 34 0
36 -24 -34 0
-37 35 36 0
37 -35 0
37 -36 0
-38 37 0
-38 26 0
38 -37 -26 0
39 37 0
-39 -37 0
40 26 0
-40 -26 0
-41 39 0
-41 26 0
41 -39 -26 0
-42 37 0
-42 40 0
42 -37 -40 0
-43 41 42 0
43 -41 0
43 -42 0
-44 32 38 0
44 -32 0
44 -38 0
-45 31 0
-45 5 0
45 -31 -5 0
46 31 0
-46 -31 0
47 5 0
-47 -5 0
-48 46 0
-48 5 0
48 -46 -5 0
-49 31 0
-49 47 0
49 -31 -47 0
-50 48 49 0
50 -48 0
50 -49 0
-51 43 0
-51 1 0
51 -43 -1 0
52 43 0
-52 -43 0
53 1 0
-53 -1 0
-54 52 0
-54 1 0
54 -52 -1 0
-55 43 0
-55 53 0
55 -43 -53 0
-56 54 55 0
56 -54 0
56 -55 0
-57 56 0
-57 45 0
57 -56 -45 0
58 56 0
-58 -56 0
59 45 0
-59 -45 0
-60 58 0
-60 45 0
60 -58 -45 0
-61 56 0
-61 59 0
61 -56 -59 0
-62 60 61 0
62 -60 0
62 -61 0
-63 51 57 0
63 -51 0
63 -57 0
-64 50 0
-64 6 0
64 -50 -6 0
65 50 0
-65 -50 0
66 6 0
-66 -6 0
-67 65 0
-67 6 0
67 -65 -6 0
-68 50 0
-68 66 0
68 -50 -66 0
-69 67 68 0
69 -67 0
69 -68 0
-70 62 0
-70 1 0
70 -62 -1 0
71 62 0
-71 -62 0
72 1 0
-72 -1 0
-73 71 0
-73 1 0
73 -71 -1 0
-74 62 0
-74 72 0
74 -62 -72 0
-75 73 74 0
75 -73 0
75 -74 0
-76 75 0
-76 64 0
76 -75 -64 0
77 75 0
-77 -75 0
78 64 0
-78 -64 0
-79 77 0
-79 64 0
79 -77 -64 0
-80 75 0
-80 78 0
80 -75 -78 0
-81 79 80 0
81 -79 0
81 -80 0
-82 70 76 0
82 -70 0
82 -76 0
-69 0
81 0
-1 0
